15 0.236719 0.252778 0.092188 0.416667
24 0.328646 0.614815 0.233333 0.411111
23 0.258594 0.772685 0.135937 0.336111
4 0.642448 0.818981 0.136979 0.165741
15 0.738021 0.540741 0.087500 0.344444
16 0.674740 0.596759 0.099479 0.337963
2 0.617188 0.577315 0.108333 0.412037
4 0.449219 0.580556 0.147396 0.350000
0 0.285938 0.693056 0.108333 0.202778
6 0.341406 0.417130 0.091146 0.254630
14 0.385417 0.145833 0.238542 0.289815
23 0.576562 0.187037 0.228125 0.294444
18 0.394792 0.356944 0.168750 0.230556

