0 0.226823 0.218056 0.060937 0.276852
12 0.339844 0.129167 0.191146 0.171296
7 0.495573 0.069907 0.160938 0.137963
3 0.261458 0.538889 0.087500 0.268519
13 0.460938 0.275926 0.097917 0.240741
12 0.607292 0.203704 0.117708 0.188889
4 0.603385 0.369444 0.147396 0.257407
16 0.564844 0.482407 0.108854 0.227778
16 0.510677 0.281481 0.089063 0.307407
4 0.535417 0.563426 0.196875 0.191667
16 0.393490 0.899537 0.083854 0.199074
8 0.400260 0.758333 0.060937 0.150000
18 0.281771 0.897222 0.140625 0.196296
4 0.415625 0.643056 0.101042 0.286111
2 0.452083 0.818981 0.077083 0.210185
